0.687843
1.248557
0.749776
1.852931
1.926847
0.933495
0.794784
1.869986
1.49267
2.135779
1.357576
1.871571
0.793385
0.778917
1.027811
1.012785
1.831782
4.656284
1.461679
1.812389
0.840875
1.783642
1.205921
1.0485
1.431039
0.922741
1.322612
1.24858
1.777127
1.490136
0.861479
1.476982
0.847691
2.166184
1.428783
3.803823
1.366244
2.83473
0.834788
1.786922
1.040403
3.820135
1.255524
1.303796
0.856409
2.604268
0.802828
2.922696
1.054857
1.255641
2.825968
1.586113
2.811414
1.856371
1.440965
0.823927
1.882109
1.286719
1.331698
1.161683
1.696356
1.167232
1.835724
0.877063
1.124027
0.924456
1.195174
1.357158
1.934657
1.316456
1.788813
1.300764
3.754654
0.827467
0.856737
1.083979
2.26891
1.836201
3.848775
3.06663
2.182367
0.849606
1.585869
1.686636
3.279241
4.927407
1.04166
3.005212
1.852388
1.437193
1.276822
2.975351
0.908824
0.823531
1.738862
0.833133
1.965229
1.059387
1.719341
0.935478
0.93246
1.857014
1.786983
1.161144
1.246779
2.973701
0.826655
1.424537
0.898382
5.419219
0.862498
1.874533
2.740541
0.875932
4.330255
1.77752
1.408804
1.46758
2.385411
0.852483
9.370382
1.741149
1.665337
0.825097
2.094004
2.947364
1.328344
4.820186
0.970251
1.522232
0.6335
1.515239
1.558015
0.804154
0.854156
3.855555
0.836226
1.068337
1.072807
0.821215
2.949121
0.87521
8.764385
1.308293
1.595366
1.976979
1.519759
1.694962
0.903296
1.788754
0.847406
1.967161
1.720756
1.773979
1.563123
0.794797
1.786973
0.920516
0.783753
1.598719
3.694175
0.854776
1.664759
2.219305
2.272193
0.883196
0.780404
0.957346
1.068422
1.15862
1.334627
1.882594
1.07537
1.756104
1.003423
1.263364
2.770202
0.892261
2.160305
0.920793
0.979603
1.799608
1.310122
0.885706
1.732387
1.568531
1.554166
1.303446
0.956011
1.694865
3.761321
1.316919
1.546746
3.636775
0.817104
0.986735
0.873383
1.105607
1.468355
1.87686
1.558307
0.842048
0.813986
0.868586
1.476413
1.21588
1.414093
1.663067
2.012147
1.546321
2.016864
0.911145
0.86561
0.892791
1.831544
0.862405
1.856307
1.735428
2.789037
1.009648
1.239557
1.146048
2.844579
1.094322
2.037333
3.347086
0.882248
0.810078
0.880832
1.513904
1.761693
2.797462
1.383953
1.855562
1.953541
0.819987
3.901014
2.158574
1.901144
1.093114
1.012057
1.986947
1.661692
1.972409
2.128795
3.006189
0.904861
2.758703
1.085541
1.118208
0.948518
0.795723
2.041117
1.825455
1.694342
3.63689
1.721304
1.022265
1.681628
1.072217
0.871081
1.441083
1.158196
1.024914
0.843298
1.259674
3.805015
0.81879
1.929783
1.754095
3.824181
1.441843
0.215652
1.789983
0.808558
1.585401
1.528086
1.281641
1.573309
1.908514
2.976735
1.609133
1.743904
0.866323
2.698237
0.831434
1.706661
1.837715
3.770153
1.488983
1.051907
0.833735
1.119542
0.819184
1.592724
0.82629
1.976158
0.885194
2.799971
1.524711
1.428728
1.102186
1.850011
1.301798
2.837779
0.840163
0.947005
1.118256
0.937971
2.945794
1.611437
0.513721
0.82214
1.07888
2.878775
1.862838
3.74925
1.833915
1.827866
0.958402
3.0155
1.173069
3.788015
1.951759
1.684451
1.399929
1.075209
1.786184
0.987767
1.765861
0.745051
1.631625
0.775525
0.932682
1.435673
1.146911
0.824666
1.034456
0.892824
2.06487
0.817235
1.789647
0.827657
0.717462
1.638252
5.232918
1.827798
2.05997
1.366654
1.718121
1.866623
0.887722
1.823891
2.152935
1.796109
1.094396
1.753717
0.889267
1.57129
0.772139
1.026826
0.929608
3.795363
1.092484
0.910652
1.685038
1.164297
1.454826
0.841785
0.969238
1.303472
1.653819
1.260669
2.110473
3.775613
1.737954
4.656439
2.529646
0.976546
1.190234
1.787489
1.840086
1.514162
1.507988
1.748022
2.756413
1.391131
1.592726
1.407874
0.961839
1.570741
1.002529
1.604043
1.069024
0.807898
1.895236
1.532565
0.855797
1.751764
0.893548
1.828564
2.156143
1.771846
0.854456
3.597378
1.3904
2.067888
1.47598
1.63737
0.915686
0.717679
1.303113
1.911561
1.081361
0.830347
0.832826
0.906667
15.164002
2.081658
2.09953
1.561211
1.744099
1.743134
3.164681
0.941539
1.296306
2.048441
1.127835
0.839079
2.003138
4.035917
0.895129
1.828559
0.875774
0.896956
3.806958
1.777327
0.84899
0.991915
3.169582
0.838224
0.954113
1.485978
0.855447
1.832854
0.861655
1.921529
0.737855
0.734322
1.463868
2.57439
1.692591
1.877984
4.876081
1.506078
0.655968
0.710632
1.810858
1.047302
0.928983
0.763775
0.856277
1.006547
1.52148
2.70924
0.881533
2.652478
0.806057
1.559729
1.735956
1.097066
1.162343
0.75883
1.119956
3.811156
1.781188
0.869898
2.112249
2.064562
1.483193
0.976651
0.965473
2.881754
0.821317
3.791239
1.084695
2.849624
1.908835
2.749386
1.097121
0.281943
1.571758
0.542687
1.350411
0.750414
1.047041
0.808055
1.017219
1.351305
0.686834
0.967636
2.450382
0.82954
0.841363
0.856716
1.081265
0.885873
0.869526
3.290921
1.236911
7.910168
1.600746
3.360402
1.774753
2.807806
1.844696
1.962943
1.564757
1.041357
1.503801
0.999719
1.749573
1.950499
1.360731
0.941795
1.652818
1.598582
1.228896
2.789694
0.847462
0.903237
0.870936
0.882712
1.631259
1.023975
1.831699
1.251738
1.511304
10.679358
0.838422
0.814693
2.024912
1.502132
1.558535
1.549337
1.757966
1.469104
3.662306
0.790661
0.917432
2.891457
0.874478
0.811361
1.585406
1.503964
1.772384
2.397024
0.989731
1.981491
0.832373
1.839562
1.119798
1.728776
0.860151
1.014464
2.829215
1.54976
3.9027
0.869924
0.858268
1.920339
0.817519
1.186083
3.501197
1.791122
2.152317
1.010378
1.269751
1.842045
1.522109
0.988787
0.766465
0.875074
1.577068
1.766944
1.717309
1.380454
1.752147
1.697919
1.70684
1.830471
3.334295
1.425879
1.512711
0.969365
1.221385
0.947245
1.027298
1.862946
0.941916
3.720971
1.149354
1.490552
1.791243
1.763194
1.877169
1.121773
1.817365
1.796186
0.730708
1.93667
3.946455
1.085278
1.058565
1.797604
1.00263
2.299658
3.078165
0.963972
0.836489
0.84622
0.844489
1.972788
0.65643
1.113417
0.772017
1.754454
1.40208
3.009532
1.853682
3.263973
1.557997
2.733626
1.784169
0.916594
1.417883
0.849853
1.006622
2.799002
1.13111
0.99409
1.635892
1.509732
1.037609
1.361912
1.844739
1.065201
1.144571
1.767494
0.877182
4.748445
1.633643
0.867538
0.77676
1.47292
1.168265
1.367142
1.697511
1.39793
0.992301
1.718839
2.797
1.028028
0.736141
1.803066
1.061758
2.811006
0.854393
0.843753
1.771826
1.844942
1.665802
1.443514
1.630228
3.041318
0.859428
0.8625
2.032277
1.071918
0.868765
0.913115
1.679618
1.275953
1.559197
1.918158
3.059755
1.767421
9.56591
1.292155
1.793113
2.057655
0.810405
1.632618
1.317057
0.771212
1.450868
2.718049
1.03082
0.73794
1.965269
2.711094
1.688057
2.754047
0.984683
0.780891
0.946222
1.712723
1.561795
0.729818
4.286285
2.319254
1.104481
0.949674
0.569852
3.717789
0.744589
1.132576
1.526149
0.710332
1.733472
2.29553
1.48717
2.864401
0.914509
0.955451
2.764201
1.323323
2.836627
1.479855
1.792372
1.775969
0.771154
0.95354
1.434996
1.025754
2.029215
1.661735
1.784801
1.054081
1.000084
1.534238
1.725853
1.009292
0.854097
1.5429
1.988373
1.287737
2.737837
1.586444
0.978971
0.831665
0.751827
0.912903
0.755587
0.74081
1.470932
1.526562
1.053178
1.7188
1.754875
1.586118
1.019924
0.935435
0.880341
1.708139
1.448908
0.876621
0.97881
1.583556
2.864817
1.750073
1.831181
0.956862
3.870611
0.901862
0.74298
1.421587
3.779908
1.234684
1.952954
0.731241
1.348945
1.191535
0.731466
1.454805
1.356052
1.550945
0.989455
1.851426
2.001886
0.85292
1.21215
3.755789
1.36899
1.835157
0.974122
3.717547
1.027914
1.790358
3.881824
0.8051
0.920455
0.805619
1.133391
0.761822
3.742349
1.833153
1.544064
0.780154
1.661804
1.21707
2.657237
1.760191
0.898381
0.800848
2.05395
1.622606
1.033211
2.278846
2.866382
0.84704
1.732329
3.963645
1.548599
0.860547
0.825302
1.681147
0.812736
1.902617
1.498618
1.884097
1.647921
1.388147
0.96646
2.815945
4.097868
2.902181
1.740755
1.261376
1.829405
1.766631
1.880594
1.709594
0.89459
0.729152
1.716539
1.748517
0.751256
0.878862
1.053111
1.89868
2.798291
0.836661
3.301665
1.523925
1.462846
1.800993
2.203015
1.749011
1.85153
1.419669
1.057377
0.875604
1.735824
0.959744
1.315806
2.678637
1.426737
0.984991
1.693783
1.467795
1.223121
1.507443
1.325081
0.908624
1.556372
1.477706
1.59048
2.805148
1.787776
1.287041
0.949481
1.008563
1.106103
0.894244
0.450158
5.155288
1.706273
2.852916
1.019352
1.88028
0.764108
0.795112
1.202984
1.007012
2.428114
1.471835
0.911759
1.004502
1.85662
0.918233
0.863818
1.0476
0.847165
0.732042
0.860172
0.784087
1.60298
1.96903
3.412982
1.569352
1.731665
0.804233
1.821785
2.076206
1.99786
0.865251
9.651597
0.954962
0.827045
1.710451
1.165309
1.029095
1.826627
0.265621
1.800529
1.656703
1.049981
0.879137
4.164771
1.692821
0.758796
0.817765
1.655888
2.43556
1.51838
1.348896
0.957675
2.029992
0.748991
1.294531
3.073843
0.776363
2.984035
0.996181
1.007289
1.796
1.515036
1.256287
1.709498
0.85065
1.793788
3.449426
0.826684
1.512153
0.65158
0.922478
1.07353
2.067756
2.835148
1.722182
4.886319
1.697547
3.631145
1.342027
0.756348
0.766065
0.876999
1.581269
1.780769
1.259836
0.82819
3.993908
1.098813
1.850985
1.851399
1.131779
3.173103
1.585331
0.748621
0.76152
0.926047
1.890444
0.841021
3.31902
2.061053
3.724441
1.704296
0.748288
1.814416
1.231111
0.752269
2.773461
1.878665
1.01638
0.88791
4.331798
1.497953
1.372605
1.911382
1.767877
0.973849
1.880962
1.829409
2.065386
0.984139
0.740323
2.048175
1.274758
1.095371
1.451537
0.86796
1.915471
1.911336
0.90571
1.195258
0.993826
1.01489
1.687214
1.894326
1.691103
0.962192
1.785834
2.879812
1.546918
1.276054
1.802246
0.804762
0.751002
1.603033
1.630598
0.878358
1.798758
0.739468
0.978322
1.794635
1.506334
0.865949
1.258894
1.189229
1.046602
1.79657
1.801925
1.469175
3.000019
0.905732
0.743951
0.840804
1.329646
0.685254
1.73066
1.829082
1.707781
1.690216
2.758328
1.84779
1.469108
1.317348
0.660317
0.817675
1.473189
1.879572
1.776603
0.877934
1.418012
0.890775
1.738806
0.849796
0.832586
0.846567
1.733164
3.73478
1.51563
2.798439
1.346817
1.138922
1.573082
2.100483
1.939036
1.833387
0.562825
0.821242
2.764226
0.921765
0.727981
0.743514
0.73553
1.996393
0.800849
1.505902
1.64642
1.001627
2.761365
1.092947
2.894013
0.949253
1.511181
0.772607
1.819466
1.514202
0.735651
0.996985
2.017644
1.210783
1.430693
2.127069
1.498161
1.836985
0.768943
1.041049
1.07369
0.884277
1.423444
1.154282
0.855906
0.982582
0.962398
0.958631
0.881762
1.443047
2.483234
1.319738
0.965342
2.654004
0.744656
1.504273
0.736556
1.704896
1.661569
1.023277
1.609138
2.001677
0.931001
0.851755
1.824049
0.735864
1.791635
1.460483
1.931295
0.824858
2.250259
1.024902
1.627551
1.730613
1.082768
0.873741
0.973044
0.963883
0.763829
1.213012
2.144381
1.076611
1.14331
0.911782
3.737068
1.018614
1.005627
1.381541
0.887033
2.129482
1.050749
0.881875
2.950365
1.78012
0.906286
1.588562
1.792654
1.846026
1.026182
2.885108
0.797062
1.828632
0.883962
3.061794
0.867974
0.801258
1.049055
1.093636
0.857565
1.783862
0.520101
1.927572
1.621495
1.442603
1.040681
0.788919
3.879091
4.704756
1.015143
1.296083
1.194722
0.831248
0.746031
0.852967
0.881351
1.907042
1.809818
2.232971
1.782713
0.877999
1.611922
1.215245
1.836464
0.751542
1.820156
1.745079
3.143688
0.794437
0.982527
0.948061
1.648958
2.768045
1.223653
0.991754
1.041036
1.392672
4.571281
0.86221
1.080353
0.735852
0.901207
1.865365
0.836191
1.713761
1.838703
1.759893
1.22317
1.187625
1.534149
1.053491
0.991184
0.904821
3.785318
1.912745
1.063511
0.814413
1.395587
1.746482
1.182464
1.875822
1.180167
2.110686
2.137503
1.150987
0.936432
2.939128
0.842999
0.966543
1.123203
0.787035
0.919915
0.943298
1.959402
0.855792
1.051117
0.8058
1.470234
1.116687
1.067003
1.799172
1.489148
0.929988
1.733552
0.730939
2.236659
2.793258
1.678596
2.911497
1.648971
0.680839
1.793732
0.81916
1.914997
0.944257
1.458208
1.848226
3.679502
1.810821
0.86482
1.116219
0.913271
1.104742
0.99309
0.873796
1.785635
1.148393
0.929448
3.896691
0.8817
0.83574
1.822887
0.85631
1.626355
2.762292
1.79546
1.086844
1.821679
2.853084
0.924673
1.438005
1.059961
2.049572
0.742356
1.49494
3.68187
1.099954
3.13368
1.740641
0.950358
2.062121
0.825544
1.822752
1.530342
2.773182
1.036271
0.897595
1.096477
0.975813
0.80322
0.938202
1.63306
1.647484
3.346091
1.807837
1.45957
10.990871
0.867964
1.890553
1.181222
1.849309
1.744688
0.954619
1.747074
1.05621
1.892968
1.759928
1.751479
3.883112
0.806872
1.068679
0.953057
1.832266
1.672985
2.744155
0.742091
0.853381
0.869701
2.48452
1.694083
0.982507
1.45214
1.775386
1.419299
1.800407
1.659635
0.761306
2.072836
1.830647
0.917638
9.093412
1.023942
0.881372
0.882005
2.988691
2.21663
0.901435
1.781616
0.757969
1.224118
1.240918
0.920732
1.746606
0.991433
3.842026
1.003318
0.816458
2.829595
1.755638
1.663994
0.919211
2.775754
0.956509
2.37881
1.279009
0.862434
1.034987
1.162644
0.983903
1.917713
7.257573
1.737495
0.890822
1.812287
0.731366
1.985801
2.111355
0.699059
4.01802
1.70862
2.994412
1.871838
0.789894
1.470413
1.394762
2.770852
1.585151
0.888395
1.801448
2.883575
1.4982
0.984879
0.845153
0.856073
1.214322
1.518177
0.856146
0.835631
1.764886
2.224894
0.822174
1.837618
0.832819
0.808832
1.909712
1.473684
0.876625
1.072677
0.904213
1.818495
1.054717
1.099024
1.416393
0.885567
1.849389
1.295312
0.743698
1.462865
2.708569
0.848461
1.100257
1.435319
1.732512
1.731977
1.823173
2.907028
1.585576
1.108985
1.25201
0.88261
1.966778
1.754517
1.702219
0.997533
1.808218
0.900875
1.603258
1.482707
1.83485
0.592261
1.821681
0.883168
1.673922
1.39408
1.991054
0.831754
1.821234
1.036191
1.659416
0.75606
1.371778
2.315813
1.09646
1.508769
0.78354
1.079758
2.074819
0.916355
0.460802
0.796083
1.146761
0.748152
2.96515
1.002772
1.871018
1.780009
3.712579
1.857476
0.954566
0.853624
1.822807
0.809058
1.564448
0.84196
1.858711
1.668293
1.384928
2.981543
0.806934
1.218972
1.827946
3.270603
1.336571
0.835684
0.854623
1.39834
1.841525
1.796718
0.907798
1.147533
0.73615
1.292378
1.097186
1.178906
3.77878
1.784738
0.814862
1.463812
0.934859
1.473423
0.978174
0.866983
1.127088
1.57571
1.137211
2.525039
0.751683
1.043361
1.543477
1.229292
1.725954
1.861161
1.69345
1.075279
1.018319
1.823614
0.894889
0.99034
1.489479
0.891831
3.665631
1.7173
0.894401
1.631523
0.946641
1.845918
1.042323
2.731676
1.079602
0.853283
0.844853
1.171681
2.803327
0.898622
1.040154
1.63408
0.817063
0.640192
1.044153
1.83954
1.20673
1.527638
0.812991
1.813993
0.922935
1.629803
1.217306
0.81878
1.121477
1.088235
3.765519
1.558396
1.318268
2.928779
1.490224
0.908916
1.514976
0.831975
0.862752
2.60025
0.718827
9.153314
0.82744
1.143614
1.750748
0.92519
0.71601
1.510755
0.90001
1.753139
1.142989
1.074846
1.822597
1.78064
1.476613
2.79996
0.841845
2.984625
1.811562
0.8829
1.736075
1.771838
0.95937
1.728092
1.777645
1.802682
1.501245
0.807394
0.74765
1.667502
1.708691
0.865706
1.969204
0.897278
1.737192
1.669655
3.809944
1.213591
2.986844
1.04999
1.647234
2.8414
0.782753
0.974627
1.761957
0.924838
0.80992
0.961665
3.866286
1.463739
1.113797
1.785684
0.828546
2.441333
1.457598
0.942115
1.19505
6.015673
2.020564
4.06483
1.848987
3.66627
1.99966
1.079131
1.879327
1.170982
0.942059
3.760634
0.685185
3.925768
0.894449
2.750716
0.811863
1.117418
1.22922
0.717786
3.836371
1.816065
2.76861
1.76542
2.620839
1.627781
0.853936
3.385175
0.777502
1.961236
0.660105
0.815565
1.772666
0.871809
1.486582
1.524772
1.019559
1.034417
1.698684
1.738979
1.685719
1.215049
1.796562
1.138466
0.831381
0.975181
3.366966
1.776796
4.107994
1.759178
1.891867
0.789212
3.556508
0.817396
0.960586
1.76601
1.011391
1.729144
3.747189
0.597285
2.70594
1.538307
1.866238
0.87417
3.17523
1.690377
1.765519
0.859199
2.050301
1.798901
1.232947
2.941697
0.831599
1.123637
1.800383
3.593806
1.599701
1.53085
0.969799
1.729867
1.399264
2.762735
0.962231
3.075397
0.885221
0.784564
1.818322
2.233154
1.677085
1.781992
1.849726
2.916077
1.116371
0.728888
0.734169
0.758192
0.90171
1.017293
3.063785
1.758723
0.952212
1.807663
0.948203
1.626011
1.8004
1.829412
1.050401
1.763659
3.822189
0.87084
1.485674
1.349371
0.866916
1.756789
0.94832
1.481995
1.781425
1.59379
0.780211
2.641431
1.057072
0.876355
0.994062
1.47256
1.801359
0.809336
3.214628
1.650593
0.878025
0.854568
1.781774
3.391986
1.797208
2.981455
2.053898
1.616215
0.967365
0.968018
1.553316
2.849418
0.847871
1.066991
1.818857
1.742839
0.856921
3.732066
0.866701
2.001026
2.100273
0.972913
1.006352
1.377015
1.363892
1.852121
1.730422
2.907132
2.026269
1.429504
2.232616
0.972925
1.349279
1.775267
1.805168
1.919924
1.056131
1.948731
0.876504
3.974437
1.404775
1.393883
3.024114
0.445467
3.487005
1.367077
0.859105
1.971902
0.78367
0.862453
1.822872
2.889351
1.769113
1.900733
0.927744
3.181857
1.035329
0.831436
1.027655
2.868251
0.718187
0.831972
1.214439
2.05514
1.803122
1.887565
1.540461
1.769385
2.973766
2.393953
1.525222
1.464581
1.482665
0.990103
0.947419
0.883323
0.865048
1.06291
0.995531
3.801571
2.466909
0.894899
0.971748
1.642068
0.879755
1.084343
0.524183
2.999931
1.510013
1.928045
4.734165
1.176622
1.716985
1.873263
0.665538
1.521886
0.893354
1.781642
2.917514
1.468977
0.846261
1.765238
0.923705
1.694041
1.236638
1.81029
1.782235
1.422043
1.358966
2.75053
0.821911
0.788512
3.691619
0.825034
0.827611
2.063566
0.794041
0.843952
0.59198
1.028441
1.038002
1.713439
1.752048
4.091372
0.802786
2.763363
1.04251
1.716842
9.246176
1.378248
0.762447
1.232312
1.487846
3.332112
0.811944
3.018036
1.455112
0.859518
1.763901
1.702406
1.664297
1.030548
1.832904
1.792343
1.383311
1.429093
1.784473
0.92728
1.641836
1.058264
0.703748
1.694455
0.575885
0.866299
1.305687
3.768316
1.788087
1.000917
1.43414
1.802015
0.882358
1.806531
1.884486
0.725259
1.497477
0.956889
1.763751
1.085552
2.900525
1.045721
0.84396
1.841418
1.817729
0.963715
3.057603
2.067691
0.81764
0.814859
3.53299
1.243233
0.756394
1.453441
3.630441
1.626798
2.459284
0.952831
1.175552
2.019028
0.9793
0.979742
1.045285
2.775524
1.257769
0.960416
2.28136
0.90096
0.897269
1.312769
0.872914
0.732831
1.737739
1.217109
2.983424
1.837063
3.126808
1.847152
1.785947
0.877747
1.291811
1.475227
3.185248
1.341186
3.786296
0.888333
1.815105
1.535716
1.483316
1.041071
0.895713
3.262614
1.94622
1.586637
1.828952
0.831855
0.850599
0.834205
1.571794
0.819581
1.551021
0.82095
1.151745
2.155635
2.19115
1.748387
1.057552
3.319429
1.914192
1.010186
1.649145
1.540755
1.715724
1.107191
1.677101
1.938735
0.854223
1.807813
1.039681
1.80428
1.042903
1.779128
1.07089
2.020852
1.781581
0.888458
1.334097
1.849387
1.98648
1.627462
1.474395
1.254687
1.477602
1.501417
0.848956
3.711385
1.752429
3.344011
1.511502
1.878879
0.784017
0.736287
1.00799
0.830879
1.691974
0.902163
1.069772
0.720003
1.162394
1.17839
0.965183
3.479046
1.18711
2.457777
1.180804
2.87322
1.18476
0.845103
1.504063
1.872166
0.878207
3.826738
1.808718
0.90197
1.038284
3.093132
1.520421
1.198319
1.432292
0.83018
2.03351
12.090562
1.551957
0.869107
0.941405
1.740468
1.021052
9.786411
1.537939
1.900478
1.676712
0.87897
1.376455
1.447638
1.086792
0.756307
1.545893
1.556309
2.918258
0.764308
1.905904
1.071621
2.990877
1.516559
1.439203
1.559821
0.910484
1.527326
0.901101
1.959716
0.823323
0.730594
1.583094
2.840437
1.730833
0.812659
1.3763
1.679917
0.91953
0.899097
0.970337
0.737354
10.723054
1.526572
1.697511
0.972446
2.365703
1.220448
1.65396
0.942467
1.230431
1.726118
1.783122
0.73313
0.803336
0.886915
0.957645
0.818702
1.016718
0.707064
1.910956
2.726946
0.923351
0.752739
1.785567
1.834192
1.555167
3.819341
1.83813
2.994175
1.626585
2.774107
0.948284
2.775203
1.305273
0.751759
0.881976
1.784555
1.390974
0.730586
0.740542
0.8967
1.370769
0.741974
1.060092
1.860031
0.784821
3.519329
1.662167
0.876739
0.855397
0.715709
1.117603
1.024131
1.809849
1.023186
1.724078
0.951196
1.96496
1.500294
1.373675
0.900733
0.880106
1.764408
0.838798
0.853149
0.8709
1.199768
0.826817
3.282404
1.223143
0.724717
0.861564
1.934646
0.994873
1.861682
2.821863
0.973386
1.496717
0.746148
3.329002
2.037941
0.973116
1.559109
2.842793
0.741531
1.010018
1.892457
0.715241
1.020116
1.741903
1.220423
1.481369
0.797387
1.02509
0.926839
0.77822
2.995309
1.770742
1.580339
1.721393
2.877731
0.597895
1.797697
1.578197
4.306608
0.98244
2.652832
1.545578
1.652417
0.770664
0.84707
0.916712
1.535978
1.772082
1.554267
0.822918
1.615143
0.959594
3.833334
1.499316
0.999052
0.81319
0.80494
1.401819
0.949861
0.985243
0.935029
3.770288
1.538857
0.855706
1.675755
2.563167
1.238496
2.81373
0.733778
1.662769
1.820087
0.78402
1.989465
0.846067
1.084196
0.737127
1.627738
0.853235
3.095158
1.409915
0.887541
0.764771
3.115888
1.49941
1.983443
0.783616
1.361082
0.930126
4.090888
0.822417
0.953689
1.411064
1.688357
0.712614
1.703505
2.772722
1.554533
1.85356
1.830148
1.982505
1.019685
0.799991
2.098799
1.770092
2.893421
1.131252
1.207494
1.384138
1.987048
0.865658
1.003432
0.949579
2.057701
2.042625
0.791188
0.773335
1.432587
2.799316
0.822365
0.812432
1.198267
1.034979
0.873264
3.695041
0.794233
1.849249
0.91972
1.81473
2.74375
0.755325
1.260207
1.824718
3.918501
0.831819
1.108813
1.862147
0.777627
1.995374
1.263449
1.218021
1.271412
2.026885
2.115296
4.23808
1.844425
1.659266
1.441993
0.946093
4.007638
0.822555
3.788425
0.964535
1.565214
3.745155
1.781591
0.91852
1.859931
1.191201
0.919123
3.755295
1.421841
0.752741
0.970364
0.751425
1.652436
2.931073
1.139247
1.864691
1.530948
0.839746
0.882435
1.248414
1.928466
1.052212
2.934693
0.962528
4.692149
1.034811
1.892095
1.061153
2.879633
1.470554
1.970334
1.507967
1.50934
1.63247
0.835953
0.744111
1.539893
1.357491
1.597022
0.737674
1.386271
1.742652
1.122074
0.875094
0.844157
1.928691
2.127429
1.50881
1.482298
1.896739
2.871661
1.374819
1.828417
0.761463
1.66594
1.710772
1.274411
0.898668
2.763927
1.917081
3.706476
0.676608
0.827027
1.826445
1.916215
1.670754
3.163146
1.973507
1.887666
1.755878
1.314574
1.86762
0.818528
1.533371
2.782536
1.96838
0.802676
0.753067
0.935638
1.815389
0.929962
1.201519
0.946785
0.933916
1.366113
0.878308
3.011524
1.868535
0.958921
1.718382
1.842966
0.849174
1.208464
2.960104
1.168486
0.968931
1.791232
0.729418
0.833342
2.961881
1.810928
0.824585
1.984384
1.832714
1.837999
1.98415
1.414415
1.839045
1.947278
1.669291
1.806692
0.885955
1.559144
1.846208
1.660198
3.713458
0.951008
1.143853
0.945579
1.429157
0.944579
1.363299
1.196634
0.878147
0.994646
1.404338
1.706043
0.816254
0.901933
0.850018
0.969085
0.981901
0.798606
2.470418
1.806491
1.907731
0.944831
1.892274
0.838873
1.872987
1.162492
1.787218
3.514227
0.832222
0.753601
1.486074
0.717928
2.074196
2.299969
3.205102
1.059799
1.625165
1.500598
0.795661
0.781157
1.463118
3.01126
1.763243
1.795237
1.447979
1.381038
2.916169
1.947766
1.823432
0.843879
0.965006
1.806593
0.854002
1.726164
3.058037
1.811848
3.779819
1.585775
0.876519
1.956246
3.777883
1.866044
3.832031
1.934747
1.784263
0.85089
1.18797
1.806056
1.849567
0.894623
3.335227
1.038571
0.92607
1.742127
0.957005
0.981188
1.642207
3.42453
1.789857
0.847827
0.886366
0.969893
1.475416
1.12101
0.82598
2.895051
1.783679
1.951575
1.137375
1.741617
0.900013
0.850804
1.827428
1.536477
1.810804
3.783916
0.851054
0.853639
1.844911
1.816183
1.493896
3.83678
2.915231
0.904696
1.64056
2.821807
0.824086
4.882313
0.846062
2.908538
1.88154
1.65716
0.972806
2.736113
2.134385
0.70374
1.156188
1.414012
1.867298
0.857311
0.86101
1.117029
2.224811
1.517241
1.860012
1.478091
2.82253
1.505774
0.906602
1.143748
1.057489
3.347331
1.511264
0.723427
1.82585
22.000665
1.507803
1.381311
1.938911
1.608524
0.953301
3.134577
1.1344
0.882738
1.488149
1.051277
1.602157
3.73148
1.782562
0.916513
3.79033
1.628269
1.751896
0.981325
1.712085
1.457221
0.974327
0.96354
2.882732
1.085805
0.981048
0.735877
1.788946
1.846887
1.873457
3.839301
1.867236
0.794583
0.958723
2.940994
2.171026
1.91038
6.884347
2.450529
0.866332
1.53973
3.784918
1.922302
1.14083
1.757284
1.14114
1.505853
1.824263
1.488693
3.842539
1.5618
0.815212
3.168959
1.171623
0.996345
0.976766
1.280363
2.083498
1.492106
1.590488
0.868282
1.760741
0.640283
3.743694
1.518394
1.726923
1.393906
0.951373
1.767951
0.8495
1.356156
0.774933
1.19159
1.211495
0.853141
5.087561
0.789424
3.943488
1.057186
1.107983
1.72799
2.060355
1.691132
1.824849
2.841975
1.791232
1.57663
0.850208
1.71697
3.334476
1.726525
2.891163
0.776933
0.726198
0.267416
0.995371
1.018509
0.96702
0.832241
1.45007
1.594848
1.871472
0.98511
4.487551
1.762845
1.477735
0.863619
0.551886
1.400178
1.612833
0.912195
1.783884
3.715064
0.968398
1.575845
1.216012
1.728966
0.840229
0.924432
1.451074
1.793181
1.239229
1.32012
2.747094
1.511476
1.772058
1.877367
0.572857
1.416869
1.747217
1.931984
0.860326
1.800948
0.881857
0.863436
2.0079
1.564767
1.845119
0.811642
0.838057
1.828511
0.99923
1.79265
4.839449
1.056864
3.769243
0.842061
1.749149
0.963198
2.931707
1.49038
2.420642
1.558076
1.569974
1.464042
0.847145
1.066496
1.868353
2.659873
1.904001
1.692776
1.745755
1.576833
4.033479
1.148815
4.327953
1.387911
3.788446
0.957924
1.061746
0.870133
0.824099
0.947741
1.92859
2.186878
0.868037
1.952268
1.795628
1.519158
1.854908
0.902915
0.934062
0.822811
0.914541
0.730436
1.453097
0.889084
2.305694
3.690328
1.763901
2.05741
2.382625
1.430117
1.81977
1.073894
0.837952
0.671443
1.852752
0.981658
1.883457
2.83693
6.75921
1.892362
3.828231
2.073035
2.490788
1.466608
1.131473
0.751403
1.821085
1.600653
1.56437
0.985183
1.416234
0.876091
2.076219
2.533698
0.742171
0.96948
1.208949
2.37743
1.861756
0.791076
2.886108
0.764148
0.990315
1.907634
1.003148
1.978203
1.779784
0.822908
3.809598
1.780548
1.041913
1.831276
3.679769
1.676928
0.951693
0.708171
2.309687
2.225915
0.844021
1.487941
0.728313
1.010754
1.337187
1.055104
2.299438
1.691502
1.542794
1.226863
0.937184
1.900779
1.728265
1.659909
1.409358
0.734883
1.483118
3.854946
1.113368
2.509453
1.809227
1.441399
1.767799
0.794086
3.412922
0.785597
1.051817
0.948148
2.829112
1.733631
0.793748
1.761485
1.832559
1.771958
1.836642
1.444009
0.908827
1.811545
1.881919
3.62611
1.859147
1.79692
1.635549
1.213823
1.756447
1.833102
1.743901
2.777835
1.801249
3.868408
1.03855
1.552864
0.997638
1.371005
1.349286
1.178519
0.828734
1.79522
3.741561
0.758494
0.817421
0.739083
1.149305
3.310878
0.216909
1.442523
1.456964
0.995099
0.746462
2.895213
0.912908
0.914844
1.628181
0.779322
3.639494
1.338725
1.789871
0.762369
1.91765
1.056795
1.736526
3.085767
1.022861
0.787024
0.763584
3.125119
0.738224
0.941291
0.832203
1.860797
0.829497
2.325929
1.658575
4.526654
1.695043
0.762879
1.773722
2.748837
1.051055
1.325603
0.733405
2.193055
1.875349
1.278504
1.023682
1.991544
1.000953
0.893631
1.506368
0.848991
1.513842
0.904208
1.982873
1.431093
1.767581
2.32607
2.192977
1.569707
4.374111
0.897078
1.04198
0.746352
3.040896
0.862665
0.971838
1.783086
1.475179
0.873873
3.072676
1.863622
1.65887
2.863093
1.745749
0.93707
0.758696
1.798335
1.093205
1.677806
1.243262
3.610094
0.809624
1.665624
0.971495
2.775168
1.793472
0.763703
1.864591
1.81027
1.533407
3.269807
2.293082
0.877563
1.37757
1.003585
1.438658
1.894263
0.817627
1.260162
1.464169
1.02004
0.83156
1.511406
1.648045
1.741889
0.937617
0.831424
0.959075
0.718615
0.853725
0.855399
0.978178
1.972509
1.568835
1.801815
1.742236
1.901782
0.9327
1.391286
3.455186
0.981987
0.886392
0.743533
0.763728
0.74666
1.009574
0.873345
1.76381
1.839856
1.448992
1.450711
3.864672
1.14216
0.48401
2.072684
1.754344
1.738039
1.012275
2.760046
1.471941
0.874897
1.076339
1.591636
1.014221
3.481939
1.727801
1.748722
3.676288
1.817858
1.772538
1.782024
3.876757
1.787046
1.884978
0.867611
3.667721
1.571844
0.82572
1.810205
1.223478
2.159275
1.19073
1.584789
0.913617
1.029087
1.96335
0.849947
0.889787
1.647522
1.531614
1.008285
1.826014
1.064356
1.912754
3.599334
1.101102
3.321421
3.733925
0.883545
2.880583
1.735816
3.739679
1.610446
1.99771
0.735673
0.814468
2.019823
1.740038
2.781365
8.649351
0.743596
2.624047
1.77576
3.752985
1.851607
1.875291
0.856756
1.861814
3.137008
0.990439
0.854451
0.871736
2.357902
1.507245
0.726947
0.826192
0.848981
1.852355
0.700467
1.646877
0.898163
1.102865
3.795528
1.113248
2.19721
0.794551
0.966374
0.854468
1.127762
1.463445
1.619594
0.953317
2.689525
1.541786
1.130409
1.576453
1.776473
1.876697
0.915216
1.659713
0.987056
2.488891
1.717415
1.409739
1.425001
1.882688
1.699467
0.936741
0.869704
1.058201
0.89289
0.735826
2.009493
2.567152
0.860521
1.106513
0.829087
0.874825
0.85291
1.170608
1.723772
1.575935
1.039183
0.884042
1.791616
1.052181
0.931844
1.083185
4.608351
0.971586
0.749552
1.86902
1.830619
2.142065
1.41609
1.727274
0.941993
1.679401
1.023634
0.915302
1.701834
0.993827
10.951649
1.979847
0.930118
1.485585
3.696934
1.803851
2.231216
1.599558
2.766829
0.880827
0.840183
1.05856
0.752614
0.98935
1.199067
3.733511
0.753981
1.449862
1.193804
1.731269
1.249823
1.827306
1.635252
1.486172
1.751486
1.142772
1.331109
0.879098
2.747882
1.486767
3.972977
1.473712
3.584476
0.907991
0.889965
0.752197
1.628602
1.760866
1.680887
1.099645
1.794539
1.806148
2.808203
0.883567
2.739732
1.814714
10.66348
1.000563
2.680609
1.55286
0.817058
0.871076
1.562585
3.823647
3.484712
0.785974
1.075373
0.710368
2.672904
0.890492
3.457418
1.709679
1.059893
0.982896
0.740227
1.467573
2.289233
1.896125
2.016774
1.500529
0.936009
0.820246
3.151063
0.521818
2.047556
1.513212
0.987355
2.018884
1.747398
1.1041
0.889711
0.808238
1.735092
1.616635
10.820693
0.826479
3.762539
1.711949
2.340794
1.361649
1.252177
0.813346
1.023271
3.063576
0.989338
1.816664
0.994502
0.730032
2.002577
0.887825
1.479438
1.915322
0.79059
2.927878
0.780633
0.66177
3.761991
1.620179
1.019278
1.071574
0.935169
1.962216
0.792907
1.780956
1.310408
2.616842
0.979753
1.778346
1.796663
1.790616
0.662686
3.035065
1.497792
0.858899
1.377447
0.995696
1.47229
0.937173
1.425447
1.529524
0.830412
1.539109
0.910539
1.189162
1.014719
0.82067
2.051626
1.997745
3.149454
1.441649
2.798153
0.871772
1.573964
1.148071
1.76168
1.323784
0.452969
0.829448
0.909029
0.742628
1.824419
2.722996
0.733164
1.854809
0.923404
1.766035
1.022124
1.631525
0.934667
1.879567
0.896713
1.78596
2.830056
0.886992
4.887703
1.546064
0.820506
1.729204
1.844167
0.872164
2.667683
0.991973
1.437921
3.778623
3.085706
1.761096
1.021264
1.60314
0.766526
3.269795
0.942294
0.777857
1.039431
1.934684
1.506617
0.836702
1.264084
1.721328
1.721548
1.91933
1.583879
0.731051
1.828748
1.313486
1.547534
1.418657
2.482538
0.797649
1.03804
0.945302
2.830111
1.113301
0.941439
1.131372
1.862654
1.84916
2.724695
0.577298
0.894993
1.726493
2.869353
1.651116
0.954727
1.863339
1.645592
0.863279
2.917085
1.039428
3.23514
1.796152
0.848724
0.750901
3.337973
0.896055
2.816582
0.809001
0.929656
1.000394
4.794683
1.70406
0.829624
0.785863
1.777766
1.839164
1.015603
0.839363
1.569204
0.883494
1.650859
2.81908
1.820096
1.691172
1.691438
0.83769
1.604576
1.345185
2.738678
0.781319
3.779073
0.890844
1.055247
1.750264
1.059004
1.665766
1.242549
1.161086
3.249842
0.837925
0.824554
0.778057
2.736173
1.761688
1.800014
0.936959
0.755772
1.834359
1.939034
1.677923
2.196095
1.611488
0.736437
1.776687
0.899218
10.625047
0.95155
1.059851
1.656558
1.063453
1.771227
0.949157
0.898346
1.018388
1.507789
3.682992
0.865983
0.826968
1.789209
0.871407
1.199274
0.864127
1.791716
1.770584
1.815709
0.902329
0.848205
1.237661
0.659299
1.757173
1.62432
1.436123
3.017213
1.457787
2.659549
1.338169
0.861351
0.874761
3.694633
0.892596
1.921068
1.188836
3.798244
0.7894
1.900183
0.831855
1.226406
1.774829
1.371818
1.752623
1.303076
0.727162
1.84228
0.964174
0.98342
1.629966
2.693442
0.729633
2.286735
1.595398
2.010854
1.341965
1.447202
0.750974
1.8512
1.359792
4.979302
0.888797
2.046263
1.582244
1.333055
1.78784
1.560705
1.400679
1.265879
2.180177
0.750203
0.912341
1.306918
2.316122
0.842731
0.997495
1.764494
1.616364
0.953832
3.360914
1.386737
0.8118
1.013282
1.804727
1.864471
0.859957
2.693356
1.398523
2.145339
0.922378
0.716724
1.092524
0.825809
1.681658
0.742299
1.68786
0.81754
0.811551
1.019297
0.906124
1.785208
0.931582
1.770224
1.524063
1.756654
0.986294
1.022779
0.891011
1.5754
0.748014
0.729973
1.486797
1.795347
1.160984
1.142672
1.00822
1.443576
1.470048
0.879019
0.755612
0.951108
1.601831
0.878073
0.759973
3.870939
1.087368
0.719812
0.86112
0.926724
1.64252
3.680801
0.736538
1.520508
0.872405
1.720119
1.781824
1.721078
1.184763
3.699098
0.903733
4.49656
1.014769
1.87066
1.644097
1.51634
3.000593
2.143561
2.783813
1.887207
1.385261
0.892074
0.847036
0.932245
1.052576
0.779484
2.738485
1.307455
1.879728
1.077099
1.834169
3.039922
1.151702
0.527141
1.145347
1.68578
2.70095
0.883182
1.032183
1.837697
2.888378
1.786791
0.924251
1.416346
1.814585
0.828203
0.997227
1.771438
0.949921
2.79508
0.853924
2.931497
1.498932
1.596695
0.626129
4.048304
2.015959
1.776156
0.96607
3.872149
0.849938
1.056816
1.603099
2.203701
0.914288
1.069321
1.165629
2.753357
0.964438
1.173077
2.217882
1.557631
0.975714
1.570809
1.950186
1.142996
0.956313
1.580012
1.052807
2.652544
1.022064
1.307032
0.819205
1.255238
1.678526
0.875327
0.827353
1.210558
1.58554
0.85995
0.984093
1.581882
1.517726
2.289242
1.011907
0.850087
2.616333
1.95506
1.99975
1.358025
1.289023
1.023285
1.661261
2.820994
1.598504
1.879636
1.411551
1.935757
1.467984
1.179364
1.364482
1.090322
1.782742
1.536573
1.101624
1.036952
1.772709
1.900219
2.757967
1.024537
1.685228
3.761329
1.553138
1.425509
1.859244
1.446466
3.833951
1.860918
1.377058
1.751963
3.705157
1.785717
0.816953
2.768858
1.003533
1.766319
3.316936
0.783046
1.842943
0.837733
2.969786
1.773303
1.291537
0.920851
1.624872
1.876029
1.818461
1.843572
1.811551
0.9691
1.801175
1.095687
2.566607
0.789786
1.684599
1.530107
1.822882
1.794325
0.739566
1.799974
0.956618
1.002072
1.875969
1.843133
2.124143
3.892292
1.600856
0.875696
1.41532
0.777306
1.744179
1.661648
1.440037
1.163898
2.736495
1.346391
1.779
1.841171
0.733566
0.857895
0.987231
1.418919
2.06814
1.979258
0.742327
3.025372
1.787995
0.893753
2.040951
1.832736
2.991508
3.429817
1.048913
2.516052
1.793187
1.831783
1.465551
0.7642
1.583161
1.603196
0.946787
1.599348
1.234379
2.740529
1.047437
1.588249
2.790139
0.832583
2.970405
0.792347
2.987379
1.516493
2.868897
1.802397
1.478825
1.047318
1.675606
0.971266
3.68599
1.792792
0.795045
1.104243
1.844926
1.201782
0.725828
0.872338
1.682194
0.754114
1.546024
0.784341
0.917132
1.325496
1.016704
2.088307
1.747321
1.905791
1.536491
1.011307
1.738326
0.888703
1.47996
2.898845
1.143034
0.955751
2.152537
1.327067
1.770989
1.650014
0.778292
1.542338
0.779888
1.006363
1.788282
0.88747
1.015512
1.185847
2.614702
1.372207
2.043456
1.296322
0.856318
1.536548
1.138092
1.062007
0.898795
3.727872
1.545608
0.815982
2.109609
1.798011
1.417484
1.905085
1.524945
4.189235
1.892303
0.92117
1.615965
0.730618
1.448805
4.775799
0.973765
3.716683
0.921065
3.17095
1.43815
0.965941
2.02083
0.967599
0.856889
2.824366
1.808881
1.078656
1.257674
1.558974
1.733767
1.905732
1.618665
1.753872
0.817954
0.922523
0.754329
1.702643
0.854896
1.872542
1.62347
3.982552
0.853239
0.879655
1.810625
1.865427
1.948697
4.739826
0.924245
1.145285
1.305976
1.973696
0.84937
0.92075
1.42995
2.569246
1.877636
0.962659
1.002047
0.766516
0.56803
1.19788
0.856316
1.865669
0.916789
1.141173
1.117838
1.898799
0.929923
1.800776
1.601766
0.858717
0.975071
0.818242
1.844448
1.680266
1.781221
1.013245
1.706859
1.86041
2.430537
1.679682
1.608943
1.721008
0.825042
1.381645
1.618274
1.008652
2.310011
1.509353
0.940172
0.800183
0.906132
0.990657
2.894319
0.883356
3.791711
1.847061
2.931524
1.133676
1.248492
1.711005
1.480762
1.977986
3.174113
1.6968
1.51747
0.883376
0.771293
1.526374
1.63663
1.646463
1.293385
1.359718
1.508304
1.934503
1.156787
1.573537
1.597434
2.670391
1.834449
1.652287
1.806765
1.198933
0.924636
0.881315
1.834179
1.515423
1.130633
0.960314
1.144796
0.836184
1.517647
2.031437
1.436487
0.76791
2.280528
2.146326
0.690599
0.898686
1.648779
1.816979
1.560763
0.861489
0.884686
2.517683
1.487083
1.857154
3.534613
1.381557
1.333814
1.779456
1.377204
1.341752
1.019722
1.827583
0.971055
1.698673
3.327094
0.983717
1.067379
0.818167
1.928689
1.431137
0.886428
0.831267
3.022867
1.554893
3.737817
1.848881
0.728834
2.757148
0.787388
1.637024
0.830891
1.766053
1.353167
1.547349
1.807104
1.819148
3.458176
2.017386
1.787963
0.933881
2.766174
1.784572
1.784621
1.014217
1.716091
1.799443
1.034266
0.816676
0.914465
0.779888
2.75496
1.932647
2.30012
0.785106
1.419304
1.684494
4.444847
1.868281
1.061902
0.851615
2.372202
1.051839
1.509075
1.769443
1.240386
0.949127
3.726235
1.780901
1.061532
1.40003
0.854984
0.841219
1.865633
1.192368
1.02776
2.800321
1.545296
0.826097
1.75462
3.735378
1.769303
0.81057
1.802898
1.784756
1.198496
2.418784
1.240682
0.831322
1.813139
1.31033
1.517314
2.998959
1.97971
1.465845
1.893188
0.828325
2.798859
1.812741
0.936562
1.477047
1.729434
3.77138
0.966715
2.918086
1.692663
1.017993
1.905763
2.10786
1.557625
1.566712
3.872581
1.087632
1.03906
0.87509
1.056158
3.795066
1.804019
2.851316
1.969627
0.7996
0.753918
0.831964
0.781801
1.091869
1.501962
1.662963
1.840434
1.232781
3.729506
0.948884
1.001065
1.469396
0.930919
0.92632
1.618886
0.819272
1.066309
1.375662
1.256502
0.922337
0.836869
0.850461
0.931002
2.745978
1.500874
1.979292
1.965855
1.838521
0.925255
1.108783
1.304737
1.627813
10.77078
0.869216
1.36375
2.845503
0.96749
1.742249
0.803276
1.029429
0.827369
2.737936
4.054333
1.295283
0.854355
1.635843
1.835716
1.83626
2.150357
1.018297
0.775349
2.031172
0.818817
1.743841
1.132924
1.841111
2.74909
1.828748
1.716637
3.425104
1.741305
0.981856
0.764895
0.818336
1.101083
1.779796
4.332034
3.67122
1.756891
1.769353
1.873665
1.124644
1.837649
1.266612
0.822814
1.031163
9.855743
1.807864
0.955898
2.443786
3.390116
0.751041
0.839405
3.169884
2.928944
1.978719
5.116375
2.118509
1.864715
1.459356
1.415155
1.362427
1.387814
1.656105
3.302439
1.940231
1.039053
1.796128
1.602135
1.221643
0.780639
0.808061
1.204554
1.144043
1.639248
0.860057
1.473975
0.879182
1.017917
0.845866
1.756237
0.97057
1.434331
0.744474
1.797961
1.6287
1.05488
0.818149
1.790966
1.498208
1.866877
1.819716
1.368409
3.343016
1.5073
1.178986
1.156401
1.861925
1.402335
1.709545
1.129437
1.539386
1.801973
3.829389
0.82152
4.602159
1.878116
1.172301
1.17839
2.805115
1.188301
0.849102
0.815129
2.558995
0.690317
2.760043
1.935141
0.854585
0.823801
2.71576
1.570912
0.940508
1.765403
2.173503
1.011772
4.494326
1.80435
1.514322
1.057095
0.861496
1.033931
1.824704
1.056228
0.766502
0.57105
1.029336
1.669828
0.830684
0.988655
1.787449
1.756775
0.943574
1.530628
1.698713
1.877705
2.401623
0.829992
1.073177
0.976378
0.961697
1.170736
1.041249
1.227284
2.821403
1.51927
1.730051
1.78548
2.267753
4.781949
0.94203
3.280281
1.953748
2.44954
0.983526
1.38608
1.041111
1.288531
1.745375
0.842143
1.565278
0.804315
1.804629
0.888106
1.876161
1.455422
1.566813
0.878324
1.658736
3.826929
1.846301
1.80042
1.550156
1.486445
1.786302
0.871716
0.86089
2.351073
1.592373
2.784549
1.835842
1.003946
1.800013
1.577969
1.589977
0.861463
0.897287
1.554437
1.533364
2.020383
2.777192
1.134235
1.819424
0.816197
0.76295
0.868371
3.382261
1.386888
1.009408
0.979904
1.814042
6.574
1.482738
1.115292
0.76082
1.089313
1.349677
0.797945
2.974265
0.858705
1.28063
2.778739
0.866213
0.845323
1.238736
1.870485
1.800382
1.325465
2.697002
1.794978
1.305555
1.333012
0.904602
0.944318
0.798854
3.537558
1.796312
1.80406
1.926413
0.776778
1.790064
1.549979
0.839422
1.470472
1.035972
1.756656
2.768525
1.55503
0.847488
2.052757
1.480853
0.976129
2.751668
1.955338
9.848457
1.067063
1.733628
2.828591
2.239604
0.947025
4.655419
2.726194
0.856396
0.799119
1.707522
1.626813
1.508932
3.712491
0.867159
0.734613
0.597079
0.955041
0.978172
1.103478
0.794956
1.033099
1.006069
1.549831
0.832987
1.893517
0.844132
1.836926
1.723492
0.777829
0.735825
0.805903
1.855162
1.04261
2.948705
0.744293
1.894866
3.76978
1.509207
1.599858
5.409722
0.906738
2.216852
0.77607
1.57877
1.23787
1.976741
1.393361
1.037084
0.814226
1.027223
1.944974
0.977411
1.582036
1.616385
1.372453
1.657172
1.600123
0.905359
1.864892
0.93287
1.092508
0.931989
1.642004
1.172066
1.084555
2.803168
1.44384
0.70967
2.784814
0.964014
1.455299
0.755096
1.733473
1.637885
1.050163
1.778516
1.532185
3.697676
0.767435
0.867458
0.982376
1.214469
1.904415
4.184019
1.747354
1.776457
1.300267
1.287322
1.541708
0.997147
1.914765
3.870999
1.8027
0.749761
2.99812
1.534813
0.890078
0.876818
0.895073
3.705742
1.473797
2.552312
0.953734
1.869257
0.853317
2.912242
1.076578
1.004953
1.421299
0.831816
1.774721
0.994016
1.705406
3.687411
1.741011
1.042865
1.783393
1.509705
1.393918
1.563801
0.811753
1.909959
1.749375
1.997936
1.589784
2.052983
3.711855
1.270005
2.944599
0.816787
1.528352
0.994196
0.866674
1.450653
1.768604
1.073151
4.158452
1.001397
0.918211
0.736055
1.004545
1.681508
0.94489
1.534277
1.826261
1.198251
0.712394
1.52788
1.106307
0.751327
1.207721
1.256324
1.200184
2.18968
2.735365
1.604229
2.97987
1.188023
2.7332
0.978863
1.814294
0.884555
0.925895
0.859058
2.831782
0.736815
1.925618
1.09237
2.577216
0.88719
1.800668
1.885019
1.067411
0.960364
0.753523
1.110811
1.634534
0.824892
0.90021
0.69259
1.890542
0.973175
3.698248
2.478564
1.767699
0.946799
4.382827
0.725579
1.780768
1.574024
1.815825
0.936722
1.929669
2.486517
1.199964
1.063484
1.587868
1.553083
0.865322
1.913432
0.816756
1.6777
2.791792
0.984808
1.60504
2.79948
1.825607
1.522496
1.054912
2.676409
0.93045
3.789305
1.082891
1.494252
0.985516
4.160487
2.16994
1.788265
1.611081
3.095377
2.999381
2.00056
1.898848
2.173358
1.140054
1.529897
1.022755
1.541478
0.846304
0.93427
0.800579
3.171043
0.904721
1.071301
1.010968
1.607358
0.879415
3.582932
0.811926
1.781112
1.795303
1.847746
0.836483
0.853178
1.753967
1.426454
0.753188
1.512777
1.715736
1.315392
2.64661
1.210702
1.181793
1.917432
1.847192
1.006786
0.825728
1.03898
1.90414
1.000269
1.573137
0.995642
1.50219
0.965322
0.780477
1.049418
1.123732
1.720824
0.806821
1.017039
1.16068
2.145214
1.974245
0.842122
0.838817
1.262232
2.485534
2.028855
1.670898
1.721752
0.834699
1.423904
1.716248
3.647608
1.58767
1.814141
2.094041
1.802551
3.677791
1.180744
9.686226
1.397006
1.515426
2.852347
1.671283
0.915437
1.700406
1.78255
1.760045
0.774142
1.093461
1.821312
1.398316
1.830852
0.835863
0.831317
0.90906
0.620756
0.892697
1.030209
3.31022
1.778413
0.776922
3.299537
1.820291
0.887328
0.915577
0.749398
0.950385
0.761244
0.759615
1.954445
1.728416
1.262669
1.942598
1.283148
1.513904
1.801439
1.759113
2.417429
1.343111
1.15525
0.738571
0.930509
1.479721
0.855004
1.016679
2.885343
1.555243
1.06856
0.938315
0.84007
1.806506
0.944202
1.685705
1.386491
1.951977
2.045563
0.95086
0.801305
0.899218
0.966478
3.469244
1.801238
1.54767
0.771655
1.050473
1.47113
2.800459
0.835138
2.253514
1.89562
0.93587
1.957457
2.921083
1.007911
14.348078
0.887715
2.994128
1.81284
3.798089
0.855797
1.426769
1.506767
3.780138
0.734166
0.951399
1.301832
1.513469
1.729964
0.795091
0.936739
1.410945
3.71056
1.490747
1.852133
0.947565
1.791439
1.741113
1.926141
1.746698
1.462128
1.897639
0.864942
0.922871
1.523498
1.961414
0.900705
2.805016
3.834739
0.79993
0.986998
0.990237
4.608127
0.835104
1.496777
0.914407
1.246027
4.657087
0.940058
1.946997
1.404515
0.842944
1.812725
1.336198
2.958477
0.748395
2.461019
0.714692
0.81895
1.511492
0.793923
1.687876
0.800631
0.992713
1.871292
1.225686
0.922241
1.745595
1.841551
0.802453
0.802637
0.860679
1.873506
0.700196
0.805165
3.456306
5.763415
0.772856
0.977319
1.789261
1.783476
1.244851
0.875932
2.036233
1.757016
1.677316
2.90378
0.843041
2.809496
0.884794
0.91642
2.015294
3.259407
1.895736
1.394155
0.950607
2.741455
0.857657
3.768203
0.983936
0.817148
1.992195
1.240932
4.273722
1.387008
0.884974
1.75499
0.941713
0.881604
1.763424
0.989512
0.846063
1.678224
2.915261
1.890098
0.866393
0.801306
1.752894
1.79142
0.897935
3.938388
0.744838
1.190176
1.053936
0.821853
3.797455
0.859541
1.970082
1.53109
1.762418
0.820516
2.035674
1.050525
1.070486
0.867173
1.083151
0.730525
1.825279
0.789592
1.436148
3.63103
0.909946
0.999941
1.915984
1.915074
3.661505
0.878268
1.597537
4.531009
1.574811
0.794231
4.530791
0.879741
0.864219
2.013251
0.872534
1.13642
0.875134
1.280113
1.873127
1.766141
1.546574
2.396917
1.838813
1.792626
1.470374
1.446016
1.619343
1.808754
0.863595
1.379039
1.517151
4.404116
1.234208
1.98017
1.189345
1.141495
1.966104
3.761533
1.845258
1.190197
1.060124
15.16643
2.095881
1.024025
0.918908
1.903804
0.966166
1.001739
1.320697
1.797979
1.722323
1.725482
0.927975
0.783212
3.190184
1.044479
0.876312
1.822158
1.506763
1.954473
1.150953
1.762993
1.882557
1.004752
2.875432
1.725936
2.836034
1.837717
2.923953
1.515539
2.995588
1.028661
1.832016
0.848721
1.293653
2.102519
1.682198
0.853894
1.905814
2.869615
0.911511
3.991007
1.871907
0.751912
4.00119
0.793587
0.71195
2.900495
0.743443
2.787214
1.846112
0.95827
1.991875
0.84018
0.838913
2.012961
3.58799
1.636625
1.789146
24.388686
1.789664
0.832442
1.708383
1.723938
1.113824
0.970363
0.901211
3.026407
0.853888
2.55104
0.79754
0.853516
0.786855
2.748199
0.997154
1.83348
1.183083
0.666689
1.842698
1.793217
0.727327
1.813491
1.644131
10.616166
1.794019
0.754913
1.737112
1.872165
1.571406
1.016344
1.119372
1.503857
2.773368
1.750792
1.821997
1.808513
1.722319
3.483603
1.740322
0.850505
2.419141
